  -0.0607868   -0.0792536    0.0480548    -0.250045    0.0668909     0.196061    -0.760189    -0.748123    -0.102895    -0.023952    -0.023952   -0.0338316   -0.0338316   -0.0544281   -0.0544281    0.0112736    0.0112736    -0.151093    -0.101983   -0.0282625    0.0125484   -0.0017944   0.00219371   5.0803e-05     0.023174  -0.00351434 -0.000540385 -1.51669e-16  8.26545e-18  1.44459e-17
 -0.00766565  -0.00282757   -0.0319755   -0.0850544     0.725326    -0.330158  -0.00240019    0.0604583   -0.0376205  0.000644657  0.000644657     0.111606     0.111606    -0.139591    -0.139591     0.129959     0.129959    -0.286637    -0.473709     -0.17733     0.131725  -0.00977851     0.134792  0.000371108      1.10606    0.0487205   -0.0250177 -1.03495e-14  5.54868e-16  9.78185e-16
  -0.0848499    0.0357973    0.0969713     0.147936    -0.860601     0.351154   0.00195027   -0.0470951    0.0123947   -0.0278142   -0.0278142   0.00114913   0.00114913    -0.121304    -0.121304    0.0630695    0.0630695   -0.0660149    -0.142956   -0.0558297    0.0433882  -0.00318961    0.0469486  0.000150776     0.438162    0.0185651  -0.00978582 -3.53826e-15  1.87251e-16  3.32437e-16
 -0.00624911   0.00447111   -0.0125352     0.107931    -0.039611    -0.126437     0.598332     0.606642     0.139416  -0.00197288  -0.00197288    0.0716056    0.0716056    -0.102225    -0.102225     0.134174     0.134174      1.14718      1.85083     0.687169    -0.490876     0.061911    -0.411373  0.000897767     0.506352    -0.118505   -0.0133624 -3.03861e-15  8.53083e-17  2.24991e-16
    0.734247    -0.213234    -0.950441    -0.409111       1.2463     -0.17789      1.01556     0.491908     0.655408      4.21715      4.21715      14.5426      14.5426      15.9233      15.9233     -5.18584     -5.18584      6.80802      5.80096     0.908771     0.306136     -1.41618     -1.35146     -2.09023     -10.5092      9.00166      7.29704  1.10081e-13 -6.95576e-15 -1.11639e-14
    -0.11372    0.0132114    0.0726173    0.0175506   -0.0651966    0.0111913   -0.0443312   -0.0196879   -0.0179729   -0.0277042   -0.0277042     0.163641     0.163641    -0.297644    -0.297644     0.242026     0.242026   -0.0506853   -0.0187555  0.000356663  -0.00442427   0.00683548    0.0024908 -7.97468e-05   0.00784535   -0.0132396  -0.00628788     0.629397   -0.0353937   -0.0608305
    -0.03902    -0.137454   -0.0425797     0.968613    0.0458637     -0.12138    -0.138775    -0.142148   -0.0628656   -0.0102897   -0.0102897  -0.00940472  -0.00940472    0.0118886    0.0118886     0.003799     0.003799     -0.09191   -0.0355475  -0.00416438  -0.00452602  0.000551612  -0.00694923  0.000194831  -0.00719561   0.00551053 -0.000258715  2.28097e-17 -2.53712e-18 -3.22147e-18
  0.00242087  -0.00451537      0.67699   -0.0668981    0.0630994   -0.0573303   -0.0170425    0.0480345  -0.00733684   -0.0419092   -0.0419092   -0.0875039   -0.0875039     0.218059     0.218059     0.113752     0.113752   -0.0724213   -0.0642812  -0.00345134   -0.0301483    0.0135036    -0.120908  2.68858e-05   -0.0203228        1.184    0.0169439 -8.92632e-15  4.66134e-16  8.33185e-16
   -0.155549    0.0144883    -0.840054    0.0489178   -0.0301334    0.0239478   0.00496422   -0.0131579  0.000225618     -0.04416     -0.04416   -0.0510601   -0.0510601     0.139814     0.139814    0.0540419    0.0540419   -0.0219629   -0.0224136  -0.00123229   -0.0110463   0.00491991   -0.0457761  1.11926e-05  -0.00832571      0.47341   0.00688631 -3.69765e-15  1.93907e-16    3.458e-16
 -0.00393926     0.021527    0.0207274    -0.738256   -0.0468096     0.134175     0.185117      0.19505     0.141049   -0.0121665   -0.0121665   -0.0206859   -0.0206859    0.0323908    0.0323908    0.0872323    0.0872323      1.09772     0.967672     0.148026     0.244149    -0.026716       1.1487    0.0060317    -0.281243      0.35331   -0.0116111  6.14685e-16  6.20788e-17  1.67114e-17
     1.08151    -0.142789       1.5405     0.271173    -0.736234     0.777841     0.308735    -0.870269     0.179315      4.69362      4.69362      4.95303      4.95303     -19.2108     -19.2108     -7.58453     -7.58453      2.69974      1.09169     -1.01308      2.14947     -2.01704      2.02744     -2.36689      5.10035     -22.9317      7.44916  2.99486e-13 -1.73279e-14 -2.92149e-14
   -0.164133   0.00240565    -0.117346  -0.00842949    0.0384254   -0.0375275   -0.0104448    0.0423842  -0.00238347   -0.0850725   -0.0850725    -0.146165    -0.146165     0.355933     0.355933     0.179076     0.179076   -0.0137151  0.000874741   0.00645679  -0.00830843   0.00937975  -0.00147402  0.000363152  -0.00430545    0.0385627  -0.00780328     0.582101    -0.032734   -0.0562594
  -0.0176575   -0.0860897 -0.000736763    -0.183547    -0.115543    -0.988629     -0.22991   -0.0945265   -0.0843957  -0.00548034  -0.00548034  -0.00530794  -0.00530794  2.58168e-05  2.58168e-05  -0.00392201  -0.00392201    -0.105139   -0.0388976   0.00733747   -0.0479334   0.00614908   0.00846703  0.000402659  -0.00116896  -0.00114561 -0.000940199  -2.3022e-16  7.33027e-18  1.76852e-17
  -0.0157132 -7.95545e-05  -0.00679678   0.00222726   -0.0306526   -0.0557725    -0.461642     0.502983    0.0112165  -0.00414357  -0.00414357    0.0309433    0.0309433   -0.0387615   -0.0387615    -0.275787    -0.275787    0.0221887    0.0161582   0.00331012    0.0151637   0.00911425  -0.00156263 -6.04055e-05    0.0165939   -0.0734231       1.2288  9.44079e-15  -6.2064e-16 -9.68929e-16
  -0.0858667  -0.00182687    0.0435732  -0.00648447    0.0567437    0.0914723     0.569187    -0.593922  -0.00593824   -0.0264565   -0.0264565   -0.0221792   -0.0221792   -0.0212647   -0.0212647    -0.132672    -0.132672   0.00391013   0.00418585  0.000907037   0.00440718   0.00261573 -0.000487798 -2.28022e-05   0.00607551   -0.0256376     0.443019  3.89281e-15 -2.51333e-16 -3.96666e-16
 -0.00151478    0.0104662  0.000284192      0.11098    0.0934644     0.865734     0.242572     0.102561     0.148594  -0.00417328  -0.00417328  -0.00231871  -0.00231871   -0.0037095   -0.0037095   -0.0576176   -0.0576176      0.89658     0.660566    -0.152226      1.32099    -0.158052    -0.407474    0.0150091   -0.0632144    -0.187987    -0.065328 -5.72366e-15  4.69406e-16  6.72198e-16
    0.699735   -0.0566756      -0.4825    0.0093398    -0.434263     -0.56021     -1.16807     0.794447    -0.105999      2.94212      2.94212      8.09825      8.09825      1.04972      1.04972      13.2905      13.2905     -1.43695       -1.874    -0.807597      -1.3092     -2.03042     -0.21995     -3.33123      5.89897      15.9209     -15.6303 -3.14918e-13  1.72652e-14  2.98781e-14
   -0.105771  -0.00194828    0.0363486  -0.00401889    0.0225831    0.0292958    0.0551616   -0.0340931   0.00634914   -0.0259324   -0.0259324    0.0304299    0.0304299   -0.0648785   -0.0648785    -0.432543    -0.432543    0.0238052    0.0160929   0.00317671     0.013696   0.00836149  -0.00123357  6.36869e-05  -0.00373678   -0.0243595    0.0140641     0.857559   -0.0482242   -0.0828822
   0.0878746      1.03066   0.00291096   0.00745747   0.00178921  -0.00624834  -0.00520888  -0.00440107   -0.0154711   0.00644712   0.00644712   0.00148099   0.00148099  -0.00027741  -0.00027741 -0.000101868 -0.000101868   -0.0540957    0.0012291  -0.00056065   1.0552e-05 -7.99643e-06 -5.10604e-05  6.44537e-05  -0.00024178 -0.000333304 -0.000186318  6.02747e-17 -3.03465e-18 -5.54183e-18
     1.02807    0.0494588  -0.00391906   0.00161294 -0.000980786  0.000635993 -0.000103057  -0.00193625  -0.00103135    0.0732192    0.0732192   0.00852674   0.00852674 -0.000800469 -0.000800469  9.65198e-05  9.65198e-05  -0.00161179  2.01155e-05 -3.61636e-05  1.14944e-05 -1.77503e-05 -2.92842e-06  1.95225e-07  8.75855e-07  1.09928e-05  3.58668e-06 -9.52531e-17  5.36925e-18  9.21627e-18
-1.27037e-06  -1.1454e-07  1.43578e-08 -7.67283e-09  5.64831e-09 -3.86853e-09  7.15545e-10  1.37191e-08  1.05244e-08  2.54659e-07  2.54659e-07  -1.0367e-08  -1.0367e-08  7.40247e-09  7.40247e-09  8.90247e-09  8.90247e-09  5.47199e-08 -1.04964e-09  2.09765e-09 -7.62282e-10   1.1411e-09  2.39208e-10 -5.81681e-11 -1.77607e-10  -1.5143e-09 -6.28861e-10  -0.00431553      1.69497      1.36862
  -0.0146027    -0.514858  -0.00271088  -0.00965866  -0.00293409    0.0109574    0.0107408   0.00930311    0.0512806    0.0157127    0.0157127   0.00243957   0.00243957 -0.000233576 -0.000233576   0.00677875   0.00677875      1.06863   -0.0820338     0.066935   -0.0108081   0.00306858  -0.00586638   0.00166196  -0.00722254   -0.0130119  -0.00603512  2.01032e-15  -1.3004e-16 -2.08083e-16
    -3.05713      0.27751   -0.0437115    0.0275246   -0.0383782    0.0380953   0.00700206    -0.101993   -0.0653492      -17.428      -17.428     -4.10495     -4.10495     0.368647     0.368647     -0.12176     -0.12176     -1.15015   -0.0332804    -0.108752    0.0749448    -0.125713   -0.0463068    -0.136865     0.235025     0.589819     0.462471  1.04654e-14 -6.62636e-16 -1.06552e-15
    0.458954  -0.00554155    0.0031718   -0.0022176   0.00185672  -0.00131045  0.000258257   0.00499393   0.00432419     0.211196     0.211196   0.00389419   0.00389419   0.00295973   0.00295973   0.00470935   0.00470935    0.0265661  -0.00052227   0.00104671 -0.000381962  0.000570975  0.000120441 -2.98153e-05  -9.1106e-05  -0.00077158 -0.000321518    0.0415786  -0.00233814  -0.00401853
 -0.00106769   -0.0157295 -0.000490473  -0.00286466 -0.000898231   0.00562304   0.00632786   0.00555347     -1.02819 -0.000749837 -0.000749837   0.00185498   0.00185498 -0.000177531 -0.000177531  1.96652e-05  1.96652e-05    -0.042924  -0.00574926      0.03751   0.00177597 -0.000664989  0.000205983  1.86208e-05 -5.14391e-05  1.07226e-05 -2.63338e-05   3.3274e-16 -2.44437e-17 -3.67969e-17
  -0.0322221   -0.0035361    0.0023163  -0.00130609    0.0010735 -0.000763586 -0.000302565    0.0030158   0.00482195   -0.0420045   -0.0420045    0.0342211    0.0342211  -0.00258416  -0.00258416   0.00301458   0.00301458    0.0123364   0.00493886   -0.0434727    0.0112353     -1.09718 -0.000156712  3.70835e-05 -5.69193e-05   7.1684e-05 -8.60087e-05 -1.33195e-15  8.70362e-17  1.26097e-16
-3.01719e-07 -3.20473e-08   2.0123e-08  -1.0949e-08  8.69959e-09 -6.11924e-09 -2.35219e-09  2.33258e-08  3.31068e-08 -1.98274e-07 -1.98274e-07 -6.79368e-07 -6.79368e-07  4.91623e-08  4.91623e-08  2.58276e-08  2.58276e-08   3.1166e-09  -2.3829e-08  2.80256e-07 -9.84435e-08  8.99273e-06  2.04384e-09 -2.71731e-09  2.66185e-09 -2.05428e-09  3.36495e-09 -1.09813e-05  6.27531e-05      1.00005
 -0.00321055   -0.0403006 -0.000979604  -0.00438526 -0.000985231    0.0053716   0.00364252   0.00284561     0.933902  -0.00207409  -0.00207409   0.00198293   0.00198293  0.000168892  0.000168892   0.00662874   0.00662874     0.618754     0.170387     -1.34633   -0.0825698    0.0290553   -0.0152002   0.00209184  -0.00994887   -0.0202006  -0.00796702 -1.45402e-16  2.14822e-16  1.81153e-16
    0.511946   0.00974895   -0.0721921    0.0387808   -0.0476239     0.047157    0.0268848    -0.138745    -0.260625      5.48967      5.48967     -23.6174     -23.6174      1.69308      1.69308    -0.235912    -0.235912     -0.75759    -0.193265     0.223222    0.0116032      7.84505   -0.0887245    -0.236277     0.408094      1.00583     0.798661  1.64404e-14 -1.16952e-15 -1.68547e-15
  -0.0753302  -0.00812721   0.00520865  -0.00288466   0.00233137  -0.00164914 -0.000643835   0.00640284   0.00968305   -0.0724873   -0.0724873   -0.0518006   -0.0518006   0.00362963   0.00362963   0.00673129   0.00673129    0.0140292   0.00231006   -0.0110369 -0.000581315   -0.0251477  9.63528e-05 -0.000317276  0.000287986  -0.00019195  0.000348603     0.129933   -0.0073067   -0.0125579
