    -15.1848     0.225941     0.544877      10.1106     -1.77338    -0.546796     0.641871    0.0847148      0.17562     0.447047      1.18504     0.358668     0.183559    0.0253989    0.0550541      0.10456     0.309493    0.0865245    0.0495517    0.0357848  4.88162e-08    0.0294028     0.104488    0.0640954     0.010789    0.0154144  1.55498e-07    0.0436987    0.0671936    0.0375085
   0.0297226      -4.9229      4.33631    0.0139717    0.0452634    -0.318412   -0.0228229    0.0684147     0.141829   -0.0158956   -0.0598631     0.228899  -0.00732381    0.0174171    0.0377528  -0.00417183   -0.0123484    0.0593333  -0.00539669    0.0105944  1.44524e-08  -0.00320226   -0.0113807    0.0189755  -0.00116296   0.00460479  4.64522e-08  -0.00471034  -0.00724307    0.0112048
    0.167592      10.1388     -13.4463    0.0787801      0.25522     -1.79538    -0.128688      0.38576     0.799708   -0.0896281    -0.337541      1.29066   -0.0412957    0.0982072     0.212871   -0.0235231   -0.0696273     0.334554   -0.0304295     0.059737  8.14909e-08   -0.0180561   -0.0641709     0.106995  -0.00655741    0.0259643  2.61923e-07   -0.0265595   -0.0408405    0.0631786
   -0.476112     0.150785     0.363631      -1.5937      -2.3534  -0.00963864    -0.193882    0.0113668    0.0235643    -0.135034    -0.367121    0.0166898   -0.0558578   0.00180675   0.00391625   -0.0318181   -0.0941799   0.00615485   -0.0168481   -0.0046693 -6.36967e-09  -0.00999722   -0.0355273  -0.00836359  -0.00366212  -0.00198999 -2.00747e-08   -0.0148327   -0.0228077  -0.00484245
  -0.0296794   -0.0191576   -0.0462002   -0.0139514      -0.4426   -0.0815122   0.00140761     0.017165    0.0355844  0.000980364  -0.00161514    0.0582308  0.000213082   0.00441069   0.00956049  0.000121377  0.000359264    0.0150255 -0.000755376   0.00289939  3.95523e-09 -0.000448222  -0.00159306   0.00519309   -0.0001616   0.00125872  1.26977e-08 -0.000654529  -0.00100649   0.00306283
           0            0            0            0      225.909            0            0            0            0            0     -81.6187            0            0            0            0            0     -120.242            0            0            0            0            0     -5.82991            0            0            0            0            0     -18.2185            0
     1.05657    -0.217385    -0.524243      0.49666      2.01002    -0.372202     -19.6497     0.158342     0.328254      14.1853     -3.48311     0.174089     0.587481     0.025855    0.0560426     0.334645     0.990531    0.0880782     0.112904     0.035643  4.86228e-08    0.0669944     0.238079     0.063843    0.0273056    0.0189829  1.91495e-07     0.110596     0.170059    0.0461924
    0.134446     0.125216     0.301969    0.0631987    0.0708048     0.509151   -0.0544997     -7.07615      5.88518   -0.0379576   -0.0515917    -0.862529   -0.0092369    0.0753425      0.16331  -0.00526158   -0.0155741     0.256663  -0.00702748    0.0326967  4.46035e-08  -0.00416993   -0.0148211     0.058563   -0.0019557    0.0156793   1.5817e-07  -0.00792118   -0.0121806    0.0381523
    0.647673      0.60321      1.45469     0.304451     0.341092      2.45277    -0.262545      13.6759     -19.4132    -0.182856    -0.248536     -4.15512   -0.0444975     0.362952     0.786725   -0.0253469   -0.0750262      1.23644   -0.0338539     0.157512  2.14871e-07   -0.0200881   -0.0713985     0.282119  -0.00942132    0.0755328   7.6196e-07   -0.0381592   -0.0586784     0.183793
   -0.183262    0.0452079     0.109023   -0.0861458    -0.357716    0.0918691    -0.200954     0.010256    0.0212615     -1.43571     -1.73083   -0.0736109    -0.106021 -0.000948628  -0.00205622   -0.0603922    -0.178758  -0.00323167   -0.0206331  -0.00480031 -6.54839e-09   -0.0122432   -0.0435089  -0.00859833  -0.00500266  -0.00264167 -2.66487e-08   -0.0202623   -0.0311565  -0.00642825
   0.0155976    0.0126472    0.0304998   0.00733195    0.0104885    0.0522264    -0.010692   -0.0260073   -0.0539151  -0.00744669    -0.370778   -0.0891885 -3.89269e-05   0.00785492    0.0170261 -2.21738e-05 -6.56446e-05    0.0267587 -0.000552246   0.00344703  4.70231e-09 -0.000327689  -0.00116475   0.00617399 -0.000160124   0.00165594  1.67048e-08  -0.00064855 -0.000997304   0.00402939
           0            0            0            0     -88.2503            0            0            0            0            0      232.541            0            0            0            0            0     -120.242            0            0            0            0            0     -5.82991            0            0            0            0            0     -18.2185            0
    0.171485   -0.0832892    -0.200859    0.0806098     0.384318    -0.235167     0.420569   -0.0809873    -0.167893     0.292916     0.810342    -0.226781      -16.834     0.136128     0.295067       13.035     -1.53186     0.463733    0.0679829  -0.00259033 -3.53363e-09    0.0403393     0.143356  -0.00463801    0.0203872   0.00117165  1.18194e-08    0.0825745     0.126972   0.00285208
   0.0347354    0.0144385    0.0348197     0.016328    0.0399651    0.0663392    0.0276564    0.0423386    0.0877709     0.019262    0.0414583     0.146345   -0.0402807     -4.01792      3.46512   -0.0229449   -0.0679157    -0.256892  0.000984098    0.0137563  1.87658e-08  0.000583939   0.00207425     0.024639  3.04252e-05   0.00804216  8.11277e-08  0.000123231  0.000189242     0.019569
     0.18759    0.0779758     0.188045    0.0881803     0.215833     0.358268     0.149359     0.228651      0.47401     0.104025     0.223897     0.790341    -0.217537       8.6334     -11.6188    -0.123915    -0.366782     -1.38736   0.00531466    0.0742914  1.01345e-07   0.00315359    0.0112021     0.133064  0.000164313     0.043432  4.38134e-07  0.000665515   0.00102201     0.105683
  -0.0310672    0.0147645    0.0356058   -0.0146037   -0.0692323    0.0414222   -0.0755961     0.014063    0.0291535   -0.0526507    -0.145534    0.0390909    -0.559013   -0.0235935   -0.0511405     -1.32379     -1.95796   -0.0803745   -0.0121836  0.000321185  4.38148e-10  -0.00722942   -0.0256916  0.000575001  -0.00365096 -0.000293199 -2.95774e-09   -0.0147875   -0.0227382 -0.000713637
    0.004636   0.00192705   0.00464726   0.00217924     0.005334   0.00885405    0.0036912   0.00565077    0.0117145   0.00257082   0.00553329    0.0195321  -0.00537612   -0.0100647   -0.0218159  -0.00306238    -0.409064   -0.0342864  0.000131345     0.001836   2.5046e-09  7.79366e-05  0.000276844   0.00328847  4.06094e-06   0.00107336  1.08278e-08   1.6448e-05  2.52587e-05    0.0026118
           0            0            0            0     -88.2503            0            0            0            0            0     -81.6187            0            0            0            0            0      193.917            0            0            0            0            0     -5.82991            0            0            0            0            0     -18.2185            0
     1.15615    -0.312522    -0.753673     0.543469      2.28978    -0.679022      1.50094    -0.155399    -0.322154      1.04537      2.85881    -0.357242      1.17571   -0.0442247   -0.0958603     0.669718      1.98233    -0.150656     -33.5328     0.632148  8.62351e-07      15.1915     -9.30113      1.13186     0.276893    0.0226208  2.28194e-07       1.1215      1.72449     0.055058
     2.00563      1.33467      3.21866     0.942787      1.70146      5.65416     0.938719      2.15541      4.46833     0.653793      1.22891      7.39758     0.428285      1.50252      3.25682     0.243962     0.722114      5.11851     -1.18598     -47.1494  5.67846e-05    -0.703729     -2.50154     -21.8125    0.0123166      1.49686     1.51e-05    0.0498859     0.076662      3.64231
           0            0            0            0            0            0            0            0            0            0            0            0            0            0            0            0            0            0            0            0            0            0            0            0            0            0            0            0            0            0
   -0.494557     0.125158     0.301829    -0.232476    -0.969167     0.259418    -0.634482    0.0554559     0.114964      -0.4419     -1.20594     0.116387    -0.495606    0.0117422    0.0254521     -0.28231    -0.835624    0.0400009     -1.42757     -0.20997 -2.86432e-07     -2.60318     -4.88975    -0.376139    -0.116318   -0.0162993 -1.64424e-07    -0.471123     -0.72443   -0.0396672
   0.0298122    0.0198386    0.0478426    0.0140138    0.0252911     0.084044    0.0139534    0.0320383    0.0664177    0.0097182     0.018267     0.109959   0.00636622    0.0223337    0.0484098   0.00362637    0.0107338    0.0760821   -0.0176435    -0.181019 -2.46939e-07   -0.0104692    -0.504529    -0.324224  0.000183109    0.0222495  2.24449e-07  0.000741648   0.00113973    0.0541397
           0            0            0            0     -88.2503            0            0            0            0            0     -81.6187            0            0            0            0            0     -120.242            0            0            0            0            0      308.329            0            0            0            0            0     -18.2185            0
    0.183487   -0.0465043    -0.112149    0.0862514     0.359656   -0.0964993      0.26617   -0.0180959   -0.0375141     0.185381      0.50462   -0.0313401     0.254165   0.00219388    0.0047554     0.144779     0.428539   0.00747385     0.199106    0.0149229  2.03572e-08     0.118144     0.419855     0.026733     -10.7106    0.0384973  3.88354e-07       7.7591     -1.83048    0.0936325
   0.0742864    0.0521249     0.125704    0.0349198    0.0597653     0.219217    0.0301298    0.0934914     0.193814    0.0209846    0.0334106     0.319683   0.00673178     0.078313     0.169749    0.0038346    0.0113501     0.266782  -0.00140313     0.132475  1.80717e-07  -0.00083258  -0.00296767     0.237277  -0.00923153     -2.25593  1.09709e-05   -0.0373905   -0.0574797     -1.04296
           0            0            0            0            0            0            0            0            0            0            0            0            0            0            0            0            0            0            0            0            0            0            0            0            0            0            0            0            0            0
  -0.0553785    0.0135189    0.0326019   -0.0260317    -0.107924    0.0272437    -0.079768   0.00472738   0.00980019   -0.0555564    -0.151056   0.00703836   -0.0760098  -0.00122598   -0.0026574   -0.0432972    -0.128158  -0.00417648   -0.0594954  -0.00542466  -7.4001e-09   -0.0353031    -0.125458  -0.00971748     -0.24915  -0.00836933 -8.44281e-08     -1.85437     -2.47293   -0.0203881
   0.0097515   0.00684224    0.0165006   0.00458388   0.00784551    0.0287759   0.00395526    0.0122723    0.0254414   0.00275474   0.00438612    0.0419638  0.000883867    0.0102799    0.0222825  0.000503474   0.00149024    0.0350197 -0.000184021    0.0173896  2.37222e-08 -0.000109194 -0.000389213    0.0311466  -0.00121245   -0.0562635 -5.67575e-07  -0.00491079    -0.837244    -0.136906
           0            0            0            0     -88.2503            0            0            0            0            0     -81.6187            0            0            0            0            0     -120.242            0            0            0            0            0     -5.82991            0            0            0            0            0      295.941            0
