    -15.1848     0.225941     0.544877      10.1106     -1.77338    -0.546796     0.641871    0.0847148      0.17562     0.447047      1.18504     0.358668     0.010789    0.0154144  1.55498e-07    0.0436987    0.0671936    0.0375085
   0.0297226      -4.9229      4.33631    0.0139717    0.0452634    -0.318412   -0.0228229    0.0684147     0.141829   -0.0158956   -0.0598631     0.228899  -0.00116296   0.00460479  4.64522e-08  -0.00471034  -0.00724307    0.0112048
    0.167592      10.1388     -13.4463    0.0787801      0.25522     -1.79538    -0.128688      0.38576     0.799708   -0.0896281    -0.337541      1.29066  -0.00655741    0.0259643  2.61923e-07   -0.0265595   -0.0408405    0.0631786
   -0.476112     0.150785     0.363631      -1.5937      -2.3534  -0.00963864    -0.193882    0.0113668    0.0235643    -0.135034    -0.367121    0.0166898  -0.00366212  -0.00198999 -2.00747e-08   -0.0148327   -0.0228077  -0.00484245
  -0.0296794   -0.0191576   -0.0462002   -0.0139514      -0.4426   -0.0815122   0.00140761     0.017165    0.0355844  0.000980364  -0.00161514    0.0582308   -0.0001616   0.00125872  1.26977e-08 -0.000654529  -0.00100649   0.00306283
           0            0            0            0      225.909            0            0            0            0            0     -81.6187            0            0            0            0            0     -18.2185            0
     1.05657    -0.217385    -0.524243      0.49666      2.01002    -0.372202     -19.6497     0.158342     0.328254      14.1853     -3.48311     0.174089    0.0273056    0.0189829  1.91495e-07     0.110596     0.170059    0.0461924
    0.134446     0.125216     0.301969    0.0631987    0.0708048     0.509151   -0.0544997     -7.07615      5.88518   -0.0379576   -0.0515917    -0.862529   -0.0019557    0.0156793   1.5817e-07  -0.00792118   -0.0121806    0.0381523
    0.647673      0.60321      1.45469     0.304451     0.341092      2.45277    -0.262545      13.6759     -19.4132    -0.182856    -0.248536     -4.15512  -0.00942132    0.0755328   7.6196e-07   -0.0381592   -0.0586784     0.183793
   -0.183262    0.0452079     0.109023   -0.0861458    -0.357716    0.0918691    -0.200954     0.010256    0.0212615     -1.43571     -1.73083   -0.0736109  -0.00500266  -0.00264167 -2.66487e-08   -0.0202623   -0.0311565  -0.00642825
   0.0155976    0.0126472    0.0304998   0.00733195    0.0104885    0.0522264    -0.010692   -0.0260073   -0.0539151  -0.00744669    -0.370778   -0.0891885 -0.000160124   0.00165594  1.67048e-08  -0.00064855 -0.000997304   0.00402939
           0            0            0            0     -88.2503            0            0            0            0            0      232.541            0            0            0            0            0     -18.2185            0
    0.183487   -0.0465043    -0.112149    0.0862514     0.359656   -0.0964993      0.26617   -0.0180959   -0.0375141     0.185381      0.50462   -0.0313401     -10.7106    0.0384973  3.88354e-07       7.7591     -1.83048    0.0936325
   0.0742864    0.0521249     0.125704    0.0349198    0.0597653     0.219217    0.0301298    0.0934914     0.193814    0.0209846    0.0334106     0.319683  -0.00923153     -2.25593  1.09709e-05   -0.0373905   -0.0574797     -1.04296
           0            0            0            0            0            0            0            0            0            0            0            0            0            0            0            0            0            0
  -0.0553785    0.0135189    0.0326019   -0.0260317    -0.107924    0.0272437    -0.079768   0.00472738   0.00980019   -0.0555564    -0.151056   0.00703836     -0.24915  -0.00836933 -8.44281e-08     -1.85437     -2.47293   -0.0203881
   0.0097515   0.00684224    0.0165006   0.00458388   0.00784551    0.0287759   0.00395526    0.0122723    0.0254414   0.00275474   0.00438612    0.0419638  -0.00121245   -0.0562635 -5.67575e-07  -0.00491079    -0.837244    -0.136906
           0            0            0            0     -88.2503            0            0            0            0            0     -81.6187            0            0            0            0            0      295.941            0
