    0.183559    0.0253989    0.0550541      0.10456     0.309493    0.0865245    0.0495517    0.0357848  4.88162e-08    0.0294028     0.104488    0.0640954
 -0.00732381    0.0174171    0.0377528  -0.00417183   -0.0123484    0.0593333  -0.00539669    0.0105944  1.44524e-08  -0.00320226   -0.0113807    0.0189755
  -0.0412957    0.0982072     0.212871   -0.0235231   -0.0696273     0.334554   -0.0304295     0.059737  8.14909e-08   -0.0180561   -0.0641709     0.106995
  -0.0558578   0.00180675   0.00391625   -0.0318181   -0.0941799   0.00615485   -0.0168481   -0.0046693 -6.36967e-09  -0.00999722   -0.0355273  -0.00836359
 0.000213082   0.00441069   0.00956049  0.000121377  0.000359264    0.0150255 -0.000755376   0.00289939  3.95523e-09 -0.000448222  -0.00159306   0.00519309
           0            0            0            0     -120.242            0            0            0            0            0     -5.82991            0
    0.587481     0.025855    0.0560426     0.334645     0.990531    0.0880782     0.112904     0.035643  4.86228e-08    0.0669944     0.238079     0.063843
  -0.0092369    0.0753425      0.16331  -0.00526158   -0.0155741     0.256663  -0.00702748    0.0326967  4.46035e-08  -0.00416993   -0.0148211     0.058563
  -0.0444975     0.362952     0.786725   -0.0253469   -0.0750262      1.23644   -0.0338539     0.157512  2.14871e-07   -0.0200881   -0.0713985     0.282119
   -0.106021 -0.000948628  -0.00205622   -0.0603922    -0.178758  -0.00323167   -0.0206331  -0.00480031 -6.54839e-09   -0.0122432   -0.0435089  -0.00859833
-3.89269e-05   0.00785492    0.0170261 -2.21738e-05 -6.56446e-05    0.0267587 -0.000552246   0.00344703  4.70231e-09 -0.000327689  -0.00116475   0.00617399
           0            0            0            0     -120.242            0            0            0            0            0     -5.82991            0
    0.254165   0.00219388    0.0047554     0.144779     0.428539   0.00747385     0.199106    0.0149229  2.03572e-08     0.118144     0.419855     0.026733
  0.00673178     0.078313     0.169749    0.0038346    0.0113501     0.266782  -0.00140313     0.132475  1.80717e-07  -0.00083258  -0.00296767     0.237277
           0            0            0            0            0            0            0            0            0            0            0            0
  -0.0760098  -0.00122598   -0.0026574   -0.0432972    -0.128158  -0.00417648   -0.0594954  -0.00542466  -7.4001e-09   -0.0353031    -0.125458  -0.00971748
 0.000883867    0.0102799    0.0222825  0.000503474   0.00149024    0.0350197 -0.000184021    0.0173896  2.37222e-08 -0.000109194 -0.000389213    0.0311466
           0            0            0            0     -120.242            0            0            0            0            0     -5.82991            0
