    0.171485   -0.0832892    -0.200859    0.0806098     0.384318    -0.235167     0.420569   -0.0809873    -0.167893     0.292916     0.810342    -0.226781    0.0203872   0.00117165  1.18194e-08    0.0825745     0.126972   0.00285208
   0.0347354    0.0144385    0.0348197     0.016328    0.0399651    0.0663392    0.0276564    0.0423386    0.0877709     0.019262    0.0414583     0.146345  3.04252e-05   0.00804216  8.11277e-08  0.000123231  0.000189242     0.019569
     0.18759    0.0779758     0.188045    0.0881803     0.215833     0.358268     0.149359     0.228651      0.47401     0.104025     0.223897     0.790341  0.000164313     0.043432  4.38134e-07  0.000665515   0.00102201     0.105683
  -0.0310672    0.0147645    0.0356058   -0.0146037   -0.0692323    0.0414222   -0.0755961     0.014063    0.0291535   -0.0526507    -0.145534    0.0390909  -0.00365096 -0.000293199 -2.95774e-09   -0.0147875   -0.0227382 -0.000713637
    0.004636   0.00192705   0.00464726   0.00217924     0.005334   0.00885405    0.0036912   0.00565077    0.0117145   0.00257082   0.00553329    0.0195321  4.06094e-06   0.00107336  1.08278e-08   1.6448e-05  2.52587e-05    0.0026118
           0            0            0            0     -88.2503            0            0            0            0            0     -81.6187            0            0            0            0            0     -18.2185            0
     1.15615    -0.312522    -0.753673     0.543469      2.28978    -0.679022      1.50094    -0.155399    -0.322154      1.04537      2.85881    -0.357242     0.276893    0.0226208  2.28194e-07       1.1215      1.72449     0.055058
     2.00563      1.33467      3.21866     0.942787      1.70146      5.65416     0.938719      2.15541      4.46833     0.653793      1.22891      7.39758    0.0123166      1.49686     1.51e-05    0.0498859     0.076662      3.64231
           0            0            0            0            0            0            0            0            0            0            0            0            0            0            0            0            0            0
   -0.494557     0.125158     0.301829    -0.232476    -0.969167     0.259418    -0.634482    0.0554559     0.114964      -0.4419     -1.20594     0.116387    -0.116318   -0.0162993 -1.64424e-07    -0.471123     -0.72443   -0.0396672
   0.0298122    0.0198386    0.0478426    0.0140138    0.0252911     0.084044    0.0139534    0.0320383    0.0664177    0.0097182     0.018267     0.109959  0.000183109    0.0222495  2.24449e-07  0.000741648   0.00113973    0.0541397
           0            0            0            0     -88.2503            0            0            0            0            0     -81.6187            0            0            0            0            0     -18.2185            0
