     -16.834     0.136128     0.295067       13.035     -1.53186     0.463733    0.0679829  -0.00259033 -3.53363e-09    0.0403393     0.143356  -0.00463801
  -0.0402807     -4.01792      3.46512   -0.0229449   -0.0679157    -0.256892  0.000984098    0.0137563  1.87658e-08  0.000583939   0.00207425     0.024639
   -0.217537       8.6334     -11.6188    -0.123915    -0.366782     -1.38736   0.00531466    0.0742914  1.01345e-07   0.00315359    0.0112021     0.133064
   -0.559013   -0.0235935   -0.0511405     -1.32379     -1.95796   -0.0803745   -0.0121836  0.000321185  4.38148e-10  -0.00722942   -0.0256916  0.000575001
 -0.00537612   -0.0100647   -0.0218159  -0.00306238    -0.409064   -0.0342864  0.000131345     0.001836   2.5046e-09  7.79366e-05  0.000276844   0.00328847
           0            0            0            0      193.917            0            0            0            0            0     -5.82991            0
     1.17571   -0.0442247   -0.0958603     0.669718      1.98233    -0.150656     -33.5328     0.632148  8.62351e-07      15.1915     -9.30113      1.13186
    0.428285      1.50252      3.25682     0.243962     0.722114      5.11851     -1.18598     -47.1494  5.67846e-05    -0.703729     -2.50154     -21.8125
           0            0            0            0            0            0            0            0            0            0            0            0
   -0.495606    0.0117422    0.0254521     -0.28231    -0.835624    0.0400009     -1.42757     -0.20997 -2.86432e-07     -2.60318     -4.88975    -0.376139
  0.00636622    0.0223337    0.0484098   0.00362637    0.0107338    0.0760821   -0.0176435    -0.181019 -2.46939e-07   -0.0104692    -0.504529    -0.324224
           0            0            0            0     -120.242            0            0            0            0            0      308.329            0
