   (0.00229052,-0.00151046)     (0.0241244,-0.00222892)     (0.0110844,-0.00267545)    (-0.0709867,-0.00228867)        (-0.706925,0.542256)     (-0.0181748,-0.0052886)  (0.000962445,-0.000182123)    (0.00165862,-0.00326541)    (0.00961464,-0.00138359)     (-0.0408067,-0.0016959)       (-0.821647,0.0990282)    (0.00639127,-0.00512996)   (0.000103003,6.59838e-05)      (0.00740398,0.0070844)    (-0.0510564,5.23966e-08)    (-0.0111786,0.000538435)         (1.21192,-0.550971)       (0.0205323,0.0147245)
   (-0.00806461,0.00353628)    (-0.0147363,0.000150935)    (-0.00692399,0.00446555)     (0.0287933,0.000455121)       (-0.0722425,-1.01754)      (-0.018478,0.00521935)  (-0.000423893,0.000180501)     (-0.0102373,0.00879083)      (0.0169381,0.00277537)      (0.0167644,0.00223938)        (-0.667812,0.497982)      (0.00303001,0.0161845) (-0.000621769,-0.000162795)     (0.00352848,-0.0168502)    (0.0248176,-1.21377e-07)     (0.0129422,-0.00163612)          (0.726285,1.32043)      (0.0118557,-0.0345941)
     (-0.0265478,0.0106494)      (0.0217395,0.00317411)        (-0.02029,0.0144203)      (-0.145162,0.00210989)         (-2.76791,-2.58167)       (-0.104666,0.0224135)    (0.00667287,0.000504479)      (-0.0130537,0.0215628)       (0.106966,0.00683745)     (-0.0377655,0.00395306)            (-4.6668,1.8225)       (0.0122907,0.0437489)  (-0.00480388,-0.000538408)       (0.0326186,-0.055194)    (-0.0119103,-3.9425e-07)      (0.150856,-0.00568164)           (5.82411,4.34375)       (0.0982902,-0.112877)
     (0.0943717,-0.0381087)          (0.174576,0.15546)      (-0.156005,0.00777889)        (-0.438869,0.106299)          (-20.6488,16.4745)         (0.317772,0.227256)      (0.0610413,0.00198948)        (-0.15711,-0.222862)      (-0.232421,-0.0536747)      (-0.233237,-0.0506627)          (21.9634,-12.5872)       (-0.411944,-0.363102)     (0.0154695,0.000877783)      (-0.0266986,0.0907891)     (-0.295103,6.63624e-07)     (-0.0786791,0.00866273)          (1.53563,-6.90391)        (0.0281363,0.187665)
 (0.000816592,-0.000328317)  (-0.00290992,-0.000275857)   (0.00098773,-0.000507883)    (0.0101915,-0.000199464)        (0.103132,0.0760948)   (0.00268529,-0.000999572) (-0.000461163,-2.07715e-05)   (-0.0016971,-0.000538672)  (-0.00460141,-0.000191728)   (0.00185294,-0.000108338)       (0.180046,-0.0448296)  (-0.000227707,-0.00114717)   (0.000343488,1.73583e-05)    (-0.00115004,0.00178409)  (-0.000212381,1.27602e-08)    (-0.0128708,0.000181077)       (-0.164213,-0.140512)    (-0.00288425,0.00365078)
   (0.00170762,0.000578647)       (0.038126,-0.0294611)       (0.0172602,-0.018785)      (-0.0379848,-0.026173)         (-1.01398,0.792197)   (-0.00753551,-0.00050486)    (0.000257118,0.00168406)    (9.87892e-05,0.00274864)    (0.00946104,-0.00647112)     (-0.0298835,0.00219204)      (-0.323146,-0.0329969)    (0.00338589,-0.00570222)  (-0.000309041,0.000397843)    (0.0052166,-0.000620665)    (-0.0296545,-0.00582796)   (0.00305397,-0.000910356)        (0.871821,-0.257706)     (0.00807293,0.00802715)
  (0.000776458,-0.00251798)        (0.0380364,0.029442)       (0.0160668,0.0163612)      (-0.0382105,0.0253397)      (-0.724741,-0.0265962)   (-0.00889341,-0.00129496)    (0.000201958,-0.0018383)    (-0.00233561,-0.0090491)     (0.00867176,0.00435142)    (-0.0306036,-0.00466706)      (-0.42532,-0.00557824)  (-0.000918511,-0.00416395) (-0.000267859,-0.000326405)     (0.00951101,0.00829878)     (-0.0296545,0.00582802)     (0.00345196,0.00148627)        (0.536121,-0.335962)      (0.0169139,0.00795781)
    (-0.0093228,0.00980427)      (-0.0539009,0.0260213)      (-0.0131717,0.0145487)       (0.201217,-0.0503152)          (1.20636,-3.06354)      (0.0257518,0.00523274)    (-0.00492402,0.00216877)     (0.000122961,0.0148257)    (-0.00628311,0.00644086)       (0.107445,-0.0263492)          (1.37691,0.312902)      (0.00951545,0.0229738)   (-0.00100322,0.000125987)     (-0.0204864,-0.0210577)       (0.137302,-0.0393336)      (0.0280019,-0.0105605)           (-2.05107,2.7164)     (-0.0596015,-0.0403851)
    (-0.0132735,0.00206633)      (-0.049872,-0.0238642)     (-0.0166642,0.00101839)         (0.202989,0.055648)          (2.71598,-1.15533)       (0.0285376,0.0112923)     (-0.005083,-0.00128315)      (-0.0146904,0.0193236)     (-0.0106649,0.00509167)        (0.102876,0.0387714)         (0.888535,0.287144)       (-0.014612,0.0332046) (-0.000863982,-0.000608343)    (-0.00576441,-0.0300603)        (0.137302,0.0393332)       (0.029241,0.00630648)          (-3.19039,1.25832)        (-0.0291,-0.0654752)
      (-0.433832,-0.145011)        (-0.616057,-1.28309)        (0.263067,-0.410153)           (1.40651,5.69672)           (106.685,-25.534)          (-1.4386,0.601313)       (-0.207826,-0.100443)         (0.179885,0.146735)        (0.561422,-0.261156)          (0.654029,3.03755)          (-54.2735,99.1958)         (0.742634,0.448515)      (-0.042238,-0.0222583)        (0.817127,-0.648443)           (1.07311,3.99181)         (0.404157,0.980663)         (-67.4092,-55.7595)           (1.35934,-1.9144)
        (-0.141718,0.37916)        (-0.112618,0.398776)         (0.806341,0.387558)          (1.87452,-6.29492)          (12.7931,-74.7569)         (-0.246249,-1.8769)       (-0.173128,0.0904244)          (0.693694,1.17557)         (0.793883,0.584671)         (0.918979,-2.72889)         (-66.9933,-26.9101)           (1.61024,1.70425)      (-0.0561214,0.0166018)       (-0.657503,0.0611931)           (1.0731,-3.99182)         (0.282837,-1.03553)           (47.7608,100.519)         (-1.69327,0.699842)
    (0.0215205,-0.00962646)        (0.095265,0.0186873)      (-0.0219207,-0.005357)       (-0.349093,0.0115744)          (-3.48268,3.67043)        (0.0345798,0.021324)    (0.0169039,-7.68659e-05)      (0.0495888,-0.0411117)     (0.00399866,-0.0111052)      (-0.116173,-0.0107104)          (0.780462,-1.9667)     (-0.0439755,-0.0680247)   (-0.00215216,0.000316943)      (0.00540164,0.0331163)     (-0.122253,2.41603e-07)       (0.168317,0.00300646)          (1.23708,-2.56058)       (0.0237398,0.0683919)
    (0.001763,-0.000461842)    (-0.0214749,0.000733638)    (0.00113459,-0.00031639)     (0.0864294,0.000802121)        (0.483226,0.0521175)      (0.0170239,0.00018323)   (-0.00264133,2.49721e-05)    (-0.0156449,-0.00101731)   (-0.0237664,-0.000169462)     (0.0250872,0.000225644)         (1.22424,-0.223626)   (-0.00604063,-0.00254151)    (0.00172889,2.61857e-05)    (-0.00686032,0.00256184)     (0.0204772,1.76247e-08)    (-0.0631688,0.000336529)         (-1.01128,-0.20388)     (-0.0177155,0.00515027)
    (-0.0107677,0.00546011)    (-0.0288941,0.000602063)    (-0.00294634,0.00702165)       (0.190698,0.00214652)          (1.55549,-1.94436)         (0.02363,0.0069425)   (-0.00545004,0.000394852)     (-0.00829874,0.0159571)    (-0.00411244,0.00533535)      (0.0905751,0.00572026)         (0.959771,0.305356)     (-0.000868728,0.026265)  (-0.00109332,-0.000220533)    (-0.00912668,-0.0233606)      (0.12418,-1.71403e-07)     (0.0278538,-0.00194974)          (-2.36286,1.81619)     (-0.0396025,-0.0483727)
    (-0.0119776,0.00468798)       (0.0364366,0.0152745)       (-0.031838,0.0112884)       (-0.191322,0.0102361)        (-3.96746,-0.481116)      (-0.0578808,0.0356901)     (0.0117353,0.000522967)     (-0.014273,-0.00299961)     (0.0693319,0.000427311)    (-0.0595348,-0.00161907)         (-2.14827,0.359466)     (-0.0234254,0.00183881)  (-0.00298827,-0.000328815)      (0.0242548,-0.0335717)   (-0.0452201,-2.38132e-07)      (0.134866,-0.00355445)           (4.90996,2.66407)       (0.083265,-0.0684369)
    (0.0203004,-0.00986042)      (0.0479329,0.00628696)    (-0.00524821,-0.0100574)      (-0.313154,0.00166135)          (-3.30597,3.66626)    (-0.0232258,0.000292705)    (0.0113449,-0.000499658)     (0.00519172,-0.0341111)    (-0.00340419,-0.0104539)      (-0.147856,-0.0109515)        (-0.521146,-1.01029)      (-0.017539,-0.0558283)    (0.00236889,0.000365939)        (0.0126246,0.038695)     (-0.202489,2.83991e-07)     (-0.0450693,0.00326042)          (3.76872,-3.00034)       (0.0631829,0.0801355)
   (-0.00588812,0.00257874)   (-0.00610208,-0.00318926)     (0.00286739,0.00208163)     (0.0393907,-0.00184125)        (0.576539,-0.910789)   (-0.00874623,-0.00239329)    (-0.00213049,6.3676e-05)        (0.001016,0.0094705)      (0.0112622,0.00267499)       (0.020306,0.00250969)        (-0.588899,0.453434)      (0.00990559,0.0160014)   (-0.00088987,-9.5784e-05)    (0.00106528,-0.00998618)    (0.0304856,-7.25692e-08)    (0.0170441,-0.000922612)        (-0.153426,0.776074)    (-0.00253331,-0.0205858)
 (-1.76458e-14,6.54821e-15)  (3.73933e-14,-2.12541e-14)   (2.52204e-14,6.08518e-16) (-1.14285e-13,-1.50822e-14)  (1.37339e-12,-2.41699e-12) (-7.93383e-14,-2.81716e-14) (-2.97095e-15,-2.66698e-16)   (4.99143e-14,3.22959e-14)   (8.59049e-14,7.76018e-15)  (-2.36917e-14,6.44457e-15)  (-5.51094e-12,2.16913e-12)   (6.61081e-14,5.48451e-14) (-6.00642e-15,-2.00228e-16)  (2.08428e-14,-2.04081e-14)   (2.6235e-16,-1.46512e-19)  (1.50547e-13,-2.14429e-15)    (2.0389e-12,1.57895e-12)  (3.58177e-14,-4.18335e-14)
